20 -77.177043
21 -81.684571
22 -86.809782
23 -92.844472
24 -97.348815
25 -102.372663
26 -108.315616
27 -112.873584
28 -117.822402
29 -123.587371
30 -128.286571
31 -133.586422
32 -139.635524
33 -144.842719
34 -150.044528
35 -155.756643
36 -161.825363
37 -167.033672
38 -173.928427
39 -180.033185
40 -185.249839
41 -190.536277
42 -196.277534
43 -202.364664
44 -207.688728
45 -213.784862
46 -220.680330
47 -226.012256
48 -232.199529
49 -239.091864
50 -244.549926
51 -251.253964
52 -258.229991
53 -265.203016
54 -272.208631
55 -279.248470
56 -283.643105
57 -288.342625
58 -294.378148
59 -299.738070
60 -305.875476
